[app/install/install_source_checksum]
version = 9.0.4
modtime = 1677890572.841135000

[views/apl_net_01_overview]
version = 9.0.4
modtime = 1677942103.446614000
