[assist/metadata]
version = 9.0.4
modtime = 1677116221.292500000

[assist/ui]
version = 9.0.4
modtime = 1677116296.810411000

[assist/updates]
version = 9.0.4
modtime = 1677116523.649965000

[assist/supervisor]
version = 9.0.4
modtime = 1677116523.656670000
