[history/.dummy_history]
version = 9.0.4
modtime = 1677873733.010929000

[ui-prefs/report]
version = 9.0.4
modtime = 1677944358.401070000
