[history/.dummy_history]
version = 9.0.4
modtime = 1677940599.316420000

[ui-tour/search-tour]
version = 9.0.4
modtime = 1677943548.203432000
